{
 "cells": [
  {
   "cell_type": "markdown",
   "id": "b33200cb",
   "metadata": {},
   "source": [
    "# Random Features For Goyal Welch Data\n",
    "by Guillaume IDAME KORALAGE"
   ]
  },
  {
   "cell_type": "markdown",
   "id": "53351588",
   "metadata": {},
   "source": [
    "## Librairies"
   ]
  },
  {
   "cell_type": "code",
   "execution_count": 1,
   "id": "ee5614e1",
   "metadata": {
    "executionInfo": {
     "elapsed": 1541,
     "status": "ok",
     "timestamp": 1707982585314,
     "user": {
      "displayName": "Semyon Malamud",
      "userId": "02103358648184920105"
     },
     "user_tz": -60
    },
    "id": "ee5614e1"
   },
   "outputs": [],
   "source": [
    "import numpy as np\n",
    "import pandas as pd\n",
    "\n",
    "import statsmodels.api as sm\n",
    "\n",
    "import seaborn as sns\n",
    "import matplotlib.pyplot as plt\n",
    "\n",
    "import math"
   ]
  },
  {
   "cell_type": "markdown",
   "id": "b9244680",
   "metadata": {},
   "source": [
    "## Functions"
   ]
  },
  {
   "cell_type": "code",
   "execution_count": 2,
   "id": "a158cdc0",
   "metadata": {
    "executionInfo": {
     "elapsed": 374,
     "status": "ok",
     "timestamp": 1707982589647,
     "user": {
      "displayName": "Semyon Malamud",
      "userId": "02103358648184920105"
     },
     "user_tz": -60
    },
    "id": "a158cdc0"
   },
   "outputs": [],
   "source": [
    "def scatter_plot(x_: np.ndarray,\n",
    "                 y_: np.ndarray,\n",
    "                 name_x: str,\n",
    "                 name_y: str,\n",
    "                 ax=None):\n",
    "    \"\"\"\n",
    "    scatter plot\n",
    "    \"\"\"\n",
    "    data = pd.DataFrame(np.concatenate([x_, y_], axis=1),\n",
    "                    columns=[name_x, name_y])\n",
    "    if ax is None:\n",
    "        sns.jointplot(data=data, x=name_x, y=name_y, kind=\"reg\")\n",
    "    else:\n",
    "        sns.jointplot(data=data, x=name_x, y=name_y, kind=\"reg\", ax=ax)"
   ]
  },
  {
   "cell_type": "code",
   "execution_count": 3,
   "id": "fed9a583",
   "metadata": {
    "executionInfo": {
     "elapsed": 234,
     "status": "ok",
     "timestamp": 1707982595574,
     "user": {
      "displayName": "Semyon Malamud",
      "userId": "02103358648184920105"
     },
     "user_tz": -60
    },
    "id": "fed9a583"
   },
   "outputs": [],
   "source": [
    "def performance_metrics_of_regression(labels: np.ndarray,\n",
    "                                      predictions: np.ndarray) -> tuple:\n",
    "    \"\"\"\n",
    "    Compute standard performance metrics for regression: mse and Rsquared\n",
    "    \"\"\"\n",
    "    mse = ((predictions - labels) ** 2).mean()\n",
    "    r2 = 1 - mse / (labels ** 2).mean()\n",
    "    print(f'r2 = {\"%.2f\" % r2}, mse = {\"%.2f\" % mse}')\n",
    "\n",
    "    return mse, r2"
   ]
  },
  {
   "cell_type": "code",
   "execution_count": 4,
   "id": "dafd9103",
   "metadata": {},
   "outputs": [],
   "source": [
    "def ridge_regr(signals: np.ndarray,\n",
    "                  labels: np.ndarray,\n",
    "                  future_signals: np.ndarray,\n",
    "                  shrinkage_list: np.ndarray):\n",
    "    \"\"\"\n",
    "    Regression is\n",
    "    beta = (zI + S'S/t)^{-1}S'y/t = S' (zI+SS'/t)^{-1}y/t\n",
    "    Inverting matrices is costly, so we use eigenvalue decomposition:\n",
    "    (zI+A)^{-1} = U (zI+D)^{-1} U' where UDU' = A is eigenvalue decomposition,\n",
    "    and we use the fact that D @ B = (diag(D) * B) for diagonal D, which saves a lot of compute cost\n",
    "    :param signals: S\n",
    "    :param labels: y\n",
    "    :param future_signals: out of sample y\n",
    "    :param shrinkage_list: list of ridge parameters\n",
    "    :return:\n",
    "    \"\"\"\n",
    "    t_ = signals.shape[0]\n",
    "    p_ = signals.shape[1]\n",
    "    if p_ < t_:\n",
    "        # this is standard regression\n",
    "        eigenvalues, eigenvectors = np.linalg.eigh(signals.T @ signals / t_)\n",
    "        means = signals.T @ labels.reshape(-1, 1) / t_\n",
    "        multiplied = eigenvectors.T @ means\n",
    "        intermed = np.concatenate([(1 / (eigenvalues.reshape(-1, 1) + z)) * multiplied for z in shrinkage_list],\n",
    "                                  axis=1)\n",
    "        betas = eigenvectors @ intermed\n",
    "    else:\n",
    "        # this is the weird over-parametrized regime\n",
    "        eigenvalues, eigenvectors = np.linalg.eigh(signals @ signals.T / t_)\n",
    "        means = labels.reshape(-1, 1) / t_\n",
    "        multiplied = eigenvectors.T @ means\n",
    "        intermed = np.concatenate([(1 / (eigenvalues.reshape(-1, 1) + z)) * multiplied for z in shrinkage_list],\n",
    "                                  axis=1)\n",
    "        tmp = eigenvectors.T @ signals\n",
    "        betas = tmp.T @ intermed\n",
    "    predictions = future_signals @ betas\n",
    "    return betas, predictions"
   ]
  },
  {
   "cell_type": "code",
   "execution_count": 5,
   "id": "f98db40b",
   "metadata": {},
   "outputs": [],
   "source": [
    "def normalize(data: np.ndarray,\n",
    "              ready_normalization: dict = None,\n",
    "              use_std: bool = False):\n",
    "  \"\"\"\n",
    "\n",
    "  \"\"\"\n",
    "\n",
    "  if ready_normalization is None:\n",
    "      data_std = data.std(0)\n",
    "      if use_std:\n",
    "        data = data / data_std\n",
    "      else:\n",
    "        data_max = np.max(data, axis=0)\n",
    "        data_min = np.min(data, axis=0)\n",
    "  else:\n",
    "      data_std = ready_normalization['std']\n",
    "      if use_std:\n",
    "        data = data / data_std\n",
    "      else:\n",
    "        data_max = ready_normalization['max']\n",
    "        data_min = ready_normalization['min']\n",
    "\n",
    "  data = data - data_min\n",
    "  data = data/(data_max - data_min)\n",
    "  data = data - 0.5\n",
    "  normalization = {'std': data_std,\n",
    "                    'max': data_max,\n",
    "                    'min': data_min}\n",
    "  return data, normalization"
   ]
  },
  {
   "cell_type": "code",
   "execution_count": 6,
   "id": "95a7d316",
   "metadata": {},
   "outputs": [],
   "source": [
    "def regression_with_tstats(predicted_variable, explanatory_variables):\n",
    "    x_ = explanatory_variables\n",
    "    x_ = sm.add_constant(x_)\n",
    "    y_ = predicted_variable\n",
    "    # Newey-West standard errors with maxlags\n",
    "    z_ = x_.copy().astype(float)\n",
    "    result = sm.OLS(y_.values, z_.values).fit(cov_type='HAC', cov_kwds={'maxlags': 10})\n",
    "    try:\n",
    "        tstat = np.round(result.summary2().tables[1]['z'], 1)  # alpha t-stat (because for 'const')\n",
    "        tstat.index = list(z_.columns)\n",
    "    except:\n",
    "        print(f'something is wrong for t-stats')\n",
    "    return tstat"
   ]
  },
  {
   "cell_type": "code",
   "execution_count": 7,
   "id": "c1370053",
   "metadata": {},
   "outputs": [],
   "source": [
    "def sharpe_ratio(x):\n",
    "  return np.round(np.sqrt(12) * x.mean(0) / x.std(0), 2)"
   ]
  },
  {
   "cell_type": "markdown",
   "id": "zslhFr8SUh8L",
   "metadata": {
    "id": "zslhFr8SUh8L"
   },
   "source": [
    "We now experiment with random features ([Random Features for Large-Scale Kernel Machines](https://people.eecs.berkeley.edu/~brecht/papers/07.rah.rec.nips.pdf)) applied to the classic dataset from [A Comprehensive Look at the Empirical Performance of Equity Premium Prediction](https://papers.ssrn.com/sol3/papers.cfm?abstract_id=517667) and implemented in [The Virtue of Complexity in Return Prediction](https://papers.ssrn.com/sol3/papers.cfm?abstract_id=3984925)"
   ]
  },
  {
   "cell_type": "code",
   "execution_count": 8,
   "id": "d8ce9892",
   "metadata": {},
   "outputs": [],
   "source": [
    "path_goyal_welch = \"C:/Users/idame/OneDrive/Documents/Guillaume/Education/EDHEC M2 FENG/Deep Learning For Finance/macro_data/GoyalWelchPredictorData2022Monthly.csv\"\n",
    "path_fred = \"C:/Users/idame/OneDrive/Documents/Guillaume/Education/EDHEC M2 FENG/Deep Learning For Finance/macro_data/FRED_MD.csv\""
   ]
  },
  {
   "cell_type": "code",
   "execution_count": 9,
   "id": "0e34a580",
   "metadata": {},
   "outputs": [],
   "source": [
    "goyal_welch_data = pd.read_csv(path_goyal_welch, index_col = 0)\n",
    "goyal_welch_data.index = pd.to_datetime(goyal_welch_data.index, format='%Y%m')\n",
    "goyal_welch_data.dropna(how = \"all\", axis = 0, inplace = True)\n",
    "goyal_welch_data.dropna(how = \"all\", axis = 1, inplace = True)\n",
    "for column in goyal_welch_data.columns:\n",
    "    goyal_welch_data[column] = [float(str(x).replace(',', '')) for x in goyal_welch_data[column]]\n",
    "\n",
    "fred_data = pd.read_csv(path_fred, index_col = 0)\n",
    "fred_data.drop(\"Transform:\", axis = 0, inplace = True)\n",
    "fred_data.index = pd.to_datetime(fred_data.index, format='%d/%m/%Y')\n",
    "fred_data.dropna(how = \"all\", axis = 0, inplace = True)\n",
    "fred_data.dropna(how = \"all\", axis = 1, inplace = True)"
   ]
  },
  {
   "cell_type": "code",
   "execution_count": 10,
   "id": "68c8d70e",
   "metadata": {
    "executionInfo": {
     "elapsed": 250,
     "status": "ok",
     "timestamp": 1707944012794,
     "user": {
      "displayName": "Semyon Malamud",
      "userId": "02103358648184920105"
     },
     "user_tz": -60
    },
    "id": "68c8d70e"
   },
   "outputs": [
    {
     "data": {
      "text/html": [
       "<div>\n",
       "<style scoped>\n",
       "    .dataframe tbody tr th:only-of-type {\n",
       "        vertical-align: middle;\n",
       "    }\n",
       "\n",
       "    .dataframe tbody tr th {\n",
       "        vertical-align: top;\n",
       "    }\n",
       "\n",
       "    .dataframe thead th {\n",
       "        text-align: right;\n",
       "    }\n",
       "</style>\n",
       "<table border=\"1\" class=\"dataframe\">\n",
       "  <thead>\n",
       "    <tr style=\"text-align: right;\">\n",
       "      <th></th>\n",
       "      <th>Index</th>\n",
       "      <th>D12</th>\n",
       "      <th>E12</th>\n",
       "      <th>b/m</th>\n",
       "      <th>tbl</th>\n",
       "      <th>AAA</th>\n",
       "      <th>BAA</th>\n",
       "      <th>lty</th>\n",
       "      <th>ntis</th>\n",
       "      <th>Rfree</th>\n",
       "      <th>infl</th>\n",
       "      <th>ltr</th>\n",
       "      <th>corpr</th>\n",
       "      <th>svar</th>\n",
       "      <th>csp</th>\n",
       "      <th>CRSP_SPvw</th>\n",
       "      <th>CRSP_SPvwx</th>\n",
       "    </tr>\n",
       "  </thead>\n",
       "  <tbody>\n",
       "    <tr>\n",
       "      <th>count</th>\n",
       "      <td>1824.000000</td>\n",
       "      <td>1824.000000</td>\n",
       "      <td>1824.000000</td>\n",
       "      <td>1222.000000</td>\n",
       "      <td>1236.000000</td>\n",
       "      <td>1248.000000</td>\n",
       "      <td>1248.000000</td>\n",
       "      <td>1248.000000</td>\n",
       "      <td>1153.000000</td>\n",
       "      <td>1823.000000</td>\n",
       "      <td>1319.000000</td>\n",
       "      <td>1164.000000</td>\n",
       "      <td>1164.000000</td>\n",
       "      <td>1655.000000</td>\n",
       "      <td>788.000000</td>\n",
       "      <td>1164.000000</td>\n",
       "      <td>1164.000000</td>\n",
       "    </tr>\n",
       "    <tr>\n",
       "      <th>mean</th>\n",
       "      <td>358.525828</td>\n",
       "      <td>7.282283</td>\n",
       "      <td>17.059570</td>\n",
       "      <td>0.550079</td>\n",
       "      <td>0.033287</td>\n",
       "      <td>0.056501</td>\n",
       "      <td>0.068216</td>\n",
       "      <td>0.049241</td>\n",
       "      <td>0.015959</td>\n",
       "      <td>0.002924</td>\n",
       "      <td>0.002610</td>\n",
       "      <td>0.004496</td>\n",
       "      <td>0.004943</td>\n",
       "      <td>0.002553</td>\n",
       "      <td>0.000364</td>\n",
       "      <td>0.009410</td>\n",
       "      <td>0.006304</td>\n",
       "    </tr>\n",
       "    <tr>\n",
       "      <th>std</th>\n",
       "      <td>764.190480</td>\n",
       "      <td>13.216268</td>\n",
       "      <td>33.406115</td>\n",
       "      <td>0.261466</td>\n",
       "      <td>0.029734</td>\n",
       "      <td>0.026715</td>\n",
       "      <td>0.028346</td>\n",
       "      <td>0.027063</td>\n",
       "      <td>0.025725</td>\n",
       "      <td>0.002143</td>\n",
       "      <td>0.006433</td>\n",
       "      <td>0.024830</td>\n",
       "      <td>0.022118</td>\n",
       "      <td>0.005149</td>\n",
       "      <td>0.002375</td>\n",
       "      <td>0.054172</td>\n",
       "      <td>0.054242</td>\n",
       "    </tr>\n",
       "    <tr>\n",
       "      <th>min</th>\n",
       "      <td>2.730000</td>\n",
       "      <td>0.180000</td>\n",
       "      <td>0.160000</td>\n",
       "      <td>0.120510</td>\n",
       "      <td>0.000100</td>\n",
       "      <td>0.021400</td>\n",
       "      <td>0.029400</td>\n",
       "      <td>0.006200</td>\n",
       "      <td>-0.055954</td>\n",
       "      <td>-0.000600</td>\n",
       "      <td>-0.031579</td>\n",
       "      <td>-0.112400</td>\n",
       "      <td>-0.094900</td>\n",
       "      <td>0.000000</td>\n",
       "      <td>-0.004166</td>\n",
       "      <td>-0.287461</td>\n",
       "      <td>-0.291524</td>\n",
       "    </tr>\n",
       "    <tr>\n",
       "      <th>25%</th>\n",
       "      <td>7.920000</td>\n",
       "      <td>0.423300</td>\n",
       "      <td>0.568950</td>\n",
       "      <td>0.328985</td>\n",
       "      <td>0.006350</td>\n",
       "      <td>0.036100</td>\n",
       "      <td>0.048175</td>\n",
       "      <td>0.028100</td>\n",
       "      <td>0.003558</td>\n",
       "      <td>0.001300</td>\n",
       "      <td>0.000000</td>\n",
       "      <td>-0.007525</td>\n",
       "      <td>-0.004600</td>\n",
       "      <td>0.000723</td>\n",
       "      <td>-0.001594</td>\n",
       "      <td>-0.016868</td>\n",
       "      <td>-0.019211</td>\n",
       "    </tr>\n",
       "    <tr>\n",
       "      <th>50%</th>\n",
       "      <td>17.835000</td>\n",
       "      <td>0.911650</td>\n",
       "      <td>1.513650</td>\n",
       "      <td>0.527069</td>\n",
       "      <td>0.029650</td>\n",
       "      <td>0.049150</td>\n",
       "      <td>0.062400</td>\n",
       "      <td>0.041700</td>\n",
       "      <td>0.015946</td>\n",
       "      <td>0.002900</td>\n",
       "      <td>0.002404</td>\n",
       "      <td>0.003000</td>\n",
       "      <td>0.004000</td>\n",
       "      <td>0.001241</td>\n",
       "      <td>-0.000284</td>\n",
       "      <td>0.013000</td>\n",
       "      <td>0.009393</td>\n",
       "    </tr>\n",
       "    <tr>\n",
       "      <th>75%</th>\n",
       "      <td>170.990000</td>\n",
       "      <td>7.540825</td>\n",
       "      <td>14.861675</td>\n",
       "      <td>0.728375</td>\n",
       "      <td>0.050300</td>\n",
       "      <td>0.073000</td>\n",
       "      <td>0.083500</td>\n",
       "      <td>0.064100</td>\n",
       "      <td>0.027018</td>\n",
       "      <td>0.004000</td>\n",
       "      <td>0.005473</td>\n",
       "      <td>0.015925</td>\n",
       "      <td>0.013700</td>\n",
       "      <td>0.002308</td>\n",
       "      <td>0.002296</td>\n",
       "      <td>0.038778</td>\n",
       "      <td>0.035916</td>\n",
       "    </tr>\n",
       "    <tr>\n",
       "      <th>max</th>\n",
       "      <td>4766.180000</td>\n",
       "      <td>66.922800</td>\n",
       "      <td>197.910000</td>\n",
       "      <td>2.028478</td>\n",
       "      <td>0.163000</td>\n",
       "      <td>0.154900</td>\n",
       "      <td>0.171800</td>\n",
       "      <td>0.148200</td>\n",
       "      <td>0.177040</td>\n",
       "      <td>0.013500</td>\n",
       "      <td>0.058824</td>\n",
       "      <td>0.152300</td>\n",
       "      <td>0.156000</td>\n",
       "      <td>0.073153</td>\n",
       "      <td>0.007688</td>\n",
       "      <td>0.414312</td>\n",
       "      <td>0.412291</td>\n",
       "    </tr>\n",
       "  </tbody>\n",
       "</table>\n",
       "</div>"
      ],
      "text/plain": [
       "             Index          D12          E12          b/m          tbl  \\\n",
       "count  1824.000000  1824.000000  1824.000000  1222.000000  1236.000000   \n",
       "mean    358.525828     7.282283    17.059570     0.550079     0.033287   \n",
       "std     764.190480    13.216268    33.406115     0.261466     0.029734   \n",
       "min       2.730000     0.180000     0.160000     0.120510     0.000100   \n",
       "25%       7.920000     0.423300     0.568950     0.328985     0.006350   \n",
       "50%      17.835000     0.911650     1.513650     0.527069     0.029650   \n",
       "75%     170.990000     7.540825    14.861675     0.728375     0.050300   \n",
       "max    4766.180000    66.922800   197.910000     2.028478     0.163000   \n",
       "\n",
       "               AAA          BAA          lty         ntis        Rfree  \\\n",
       "count  1248.000000  1248.000000  1248.000000  1153.000000  1823.000000   \n",
       "mean      0.056501     0.068216     0.049241     0.015959     0.002924   \n",
       "std       0.026715     0.028346     0.027063     0.025725     0.002143   \n",
       "min       0.021400     0.029400     0.006200    -0.055954    -0.000600   \n",
       "25%       0.036100     0.048175     0.028100     0.003558     0.001300   \n",
       "50%       0.049150     0.062400     0.041700     0.015946     0.002900   \n",
       "75%       0.073000     0.083500     0.064100     0.027018     0.004000   \n",
       "max       0.154900     0.171800     0.148200     0.177040     0.013500   \n",
       "\n",
       "              infl          ltr        corpr         svar         csp  \\\n",
       "count  1319.000000  1164.000000  1164.000000  1655.000000  788.000000   \n",
       "mean      0.002610     0.004496     0.004943     0.002553    0.000364   \n",
       "std       0.006433     0.024830     0.022118     0.005149    0.002375   \n",
       "min      -0.031579    -0.112400    -0.094900     0.000000   -0.004166   \n",
       "25%       0.000000    -0.007525    -0.004600     0.000723   -0.001594   \n",
       "50%       0.002404     0.003000     0.004000     0.001241   -0.000284   \n",
       "75%       0.005473     0.015925     0.013700     0.002308    0.002296   \n",
       "max       0.058824     0.152300     0.156000     0.073153    0.007688   \n",
       "\n",
       "         CRSP_SPvw   CRSP_SPvwx  \n",
       "count  1164.000000  1164.000000  \n",
       "mean      0.009410     0.006304  \n",
       "std       0.054172     0.054242  \n",
       "min      -0.287461    -0.291524  \n",
       "25%      -0.016868    -0.019211  \n",
       "50%       0.013000     0.009393  \n",
       "75%       0.038778     0.035916  \n",
       "max       0.414312     0.412291  "
      ]
     },
     "execution_count": 10,
     "metadata": {},
     "output_type": "execute_result"
    }
   ],
   "source": [
    "goyal_welch_data.describe()"
   ]
  },
  {
   "cell_type": "code",
   "execution_count": 11,
   "id": "fa94ad56",
   "metadata": {},
   "outputs": [
    {
     "data": {
      "text/html": [
       "<div>\n",
       "<style scoped>\n",
       "    .dataframe tbody tr th:only-of-type {\n",
       "        vertical-align: middle;\n",
       "    }\n",
       "\n",
       "    .dataframe tbody tr th {\n",
       "        vertical-align: top;\n",
       "    }\n",
       "\n",
       "    .dataframe thead th {\n",
       "        text-align: right;\n",
       "    }\n",
       "</style>\n",
       "<table border=\"1\" class=\"dataframe\">\n",
       "  <thead>\n",
       "    <tr style=\"text-align: right;\">\n",
       "      <th></th>\n",
       "      <th>Index</th>\n",
       "      <th>D12</th>\n",
       "      <th>E12</th>\n",
       "      <th>b/m</th>\n",
       "      <th>tbl</th>\n",
       "      <th>AAA</th>\n",
       "      <th>BAA</th>\n",
       "      <th>lty</th>\n",
       "      <th>ntis</th>\n",
       "      <th>Rfree</th>\n",
       "      <th>infl</th>\n",
       "      <th>ltr</th>\n",
       "      <th>corpr</th>\n",
       "      <th>svar</th>\n",
       "      <th>csp</th>\n",
       "      <th>CRSP_SPvw</th>\n",
       "      <th>CRSP_SPvwx</th>\n",
       "    </tr>\n",
       "  </thead>\n",
       "  <tbody>\n",
       "    <tr>\n",
       "      <th>Index</th>\n",
       "      <td>1.000000</td>\n",
       "      <td>0.976952</td>\n",
       "      <td>0.971674</td>\n",
       "      <td>-0.586955</td>\n",
       "      <td>-0.233160</td>\n",
       "      <td>-0.151000</td>\n",
       "      <td>-0.187700</td>\n",
       "      <td>-0.217137</td>\n",
       "      <td>-0.388406</td>\n",
       "      <td>-0.256399</td>\n",
       "      <td>-0.010084</td>\n",
       "      <td>-0.034677</td>\n",
       "      <td>-0.019966</td>\n",
       "      <td>0.024068</td>\n",
       "      <td>-0.394410</td>\n",
       "      <td>0.003758</td>\n",
       "      <td>0.019214</td>\n",
       "    </tr>\n",
       "    <tr>\n",
       "      <th>D12</th>\n",
       "      <td>0.976952</td>\n",
       "      <td>1.000000</td>\n",
       "      <td>0.967866</td>\n",
       "      <td>-0.566695</td>\n",
       "      <td>-0.195115</td>\n",
       "      <td>-0.089142</td>\n",
       "      <td>-0.124923</td>\n",
       "      <td>-0.156467</td>\n",
       "      <td>-0.449804</td>\n",
       "      <td>-0.226416</td>\n",
       "      <td>-0.016082</td>\n",
       "      <td>-0.010813</td>\n",
       "      <td>0.001501</td>\n",
       "      <td>0.041149</td>\n",
       "      <td>-0.591115</td>\n",
       "      <td>-0.005382</td>\n",
       "      <td>0.009796</td>\n",
       "    </tr>\n",
       "    <tr>\n",
       "      <th>E12</th>\n",
       "      <td>0.971674</td>\n",
       "      <td>0.967866</td>\n",
       "      <td>1.000000</td>\n",
       "      <td>-0.552464</td>\n",
       "      <td>-0.181918</td>\n",
       "      <td>-0.100869</td>\n",
       "      <td>-0.143726</td>\n",
       "      <td>-0.160729</td>\n",
       "      <td>-0.407763</td>\n",
       "      <td>-0.214650</td>\n",
       "      <td>0.000675</td>\n",
       "      <td>-0.018821</td>\n",
       "      <td>-0.017731</td>\n",
       "      <td>0.006350</td>\n",
       "      <td>-0.520702</td>\n",
       "      <td>-0.007065</td>\n",
       "      <td>0.007905</td>\n",
       "    </tr>\n",
       "    <tr>\n",
       "      <th>b/m</th>\n",
       "      <td>-0.586955</td>\n",
       "      <td>-0.566695</td>\n",
       "      <td>-0.552464</td>\n",
       "      <td>1.000000</td>\n",
       "      <td>0.199958</td>\n",
       "      <td>0.160981</td>\n",
       "      <td>0.260409</td>\n",
       "      <td>0.197314</td>\n",
       "      <td>0.034194</td>\n",
       "      <td>0.192322</td>\n",
       "      <td>0.073090</td>\n",
       "      <td>0.009947</td>\n",
       "      <td>-0.000043</td>\n",
       "      <td>0.169768</td>\n",
       "      <td>0.273217</td>\n",
       "      <td>-0.045084</td>\n",
       "      <td>-0.064466</td>\n",
       "    </tr>\n",
       "    <tr>\n",
       "      <th>tbl</th>\n",
       "      <td>-0.233160</td>\n",
       "      <td>-0.195115</td>\n",
       "      <td>-0.181918</td>\n",
       "      <td>0.199958</td>\n",
       "      <td>1.000000</td>\n",
       "      <td>0.888219</td>\n",
       "      <td>0.828238</td>\n",
       "      <td>0.901584</td>\n",
       "      <td>0.032109</td>\n",
       "      <td>0.987950</td>\n",
       "      <td>0.201720</td>\n",
       "      <td>0.053990</td>\n",
       "      <td>0.032672</td>\n",
       "      <td>-0.151561</td>\n",
       "      <td>-0.583011</td>\n",
       "      <td>-0.019120</td>\n",
       "      <td>-0.019864</td>\n",
       "    </tr>\n",
       "    <tr>\n",
       "      <th>AAA</th>\n",
       "      <td>-0.151000</td>\n",
       "      <td>-0.089142</td>\n",
       "      <td>-0.100869</td>\n",
       "      <td>0.160981</td>\n",
       "      <td>0.888219</td>\n",
       "      <td>1.000000</td>\n",
       "      <td>0.970474</td>\n",
       "      <td>0.988194</td>\n",
       "      <td>-0.082484</td>\n",
       "      <td>0.880914</td>\n",
       "      <td>0.159846</td>\n",
       "      <td>0.105842</td>\n",
       "      <td>0.101953</td>\n",
       "      <td>-0.047285</td>\n",
       "      <td>-0.650444</td>\n",
       "      <td>-0.009374</td>\n",
       "      <td>-0.007710</td>\n",
       "    </tr>\n",
       "    <tr>\n",
       "      <th>BAA</th>\n",
       "      <td>-0.187700</td>\n",
       "      <td>-0.124923</td>\n",
       "      <td>-0.143726</td>\n",
       "      <td>0.260409</td>\n",
       "      <td>0.828238</td>\n",
       "      <td>0.970474</td>\n",
       "      <td>1.000000</td>\n",
       "      <td>0.944715</td>\n",
       "      <td>-0.119387</td>\n",
       "      <td>0.824402</td>\n",
       "      <td>0.094729</td>\n",
       "      <td>0.116887</td>\n",
       "      <td>0.118228</td>\n",
       "      <td>0.074055</td>\n",
       "      <td>-0.601867</td>\n",
       "      <td>-0.011657</td>\n",
       "      <td>-0.011785</td>\n",
       "    </tr>\n",
       "    <tr>\n",
       "      <th>lty</th>\n",
       "      <td>-0.217137</td>\n",
       "      <td>-0.156467</td>\n",
       "      <td>-0.160729</td>\n",
       "      <td>0.197314</td>\n",
       "      <td>0.901584</td>\n",
       "      <td>0.988194</td>\n",
       "      <td>0.944715</td>\n",
       "      <td>1.000000</td>\n",
       "      <td>-0.061977</td>\n",
       "      <td>0.890538</td>\n",
       "      <td>0.184884</td>\n",
       "      <td>0.056213</td>\n",
       "      <td>0.054396</td>\n",
       "      <td>-0.099717</td>\n",
       "      <td>-0.657265</td>\n",
       "      <td>-0.010755</td>\n",
       "      <td>-0.010226</td>\n",
       "    </tr>\n",
       "    <tr>\n",
       "      <th>ntis</th>\n",
       "      <td>-0.388406</td>\n",
       "      <td>-0.449804</td>\n",
       "      <td>-0.407763</td>\n",
       "      <td>0.034194</td>\n",
       "      <td>0.032109</td>\n",
       "      <td>-0.082484</td>\n",
       "      <td>-0.119387</td>\n",
       "      <td>-0.061977</td>\n",
       "      <td>1.000000</td>\n",
       "      <td>0.032430</td>\n",
       "      <td>-0.055086</td>\n",
       "      <td>-0.045876</td>\n",
       "      <td>-0.042822</td>\n",
       "      <td>-0.039215</td>\n",
       "      <td>0.248873</td>\n",
       "      <td>-0.068233</td>\n",
       "      <td>-0.073075</td>\n",
       "    </tr>\n",
       "    <tr>\n",
       "      <th>Rfree</th>\n",
       "      <td>-0.256399</td>\n",
       "      <td>-0.226416</td>\n",
       "      <td>-0.214650</td>\n",
       "      <td>0.192322</td>\n",
       "      <td>0.987950</td>\n",
       "      <td>0.880914</td>\n",
       "      <td>0.824402</td>\n",
       "      <td>0.890538</td>\n",
       "      <td>0.032430</td>\n",
       "      <td>1.000000</td>\n",
       "      <td>0.177283</td>\n",
       "      <td>0.091004</td>\n",
       "      <td>0.066322</td>\n",
       "      <td>-0.122932</td>\n",
       "      <td>-0.587353</td>\n",
       "      <td>-0.016362</td>\n",
       "      <td>-0.016427</td>\n",
       "    </tr>\n",
       "    <tr>\n",
       "      <th>infl</th>\n",
       "      <td>-0.010084</td>\n",
       "      <td>-0.016082</td>\n",
       "      <td>0.000675</td>\n",
       "      <td>0.073090</td>\n",
       "      <td>0.201720</td>\n",
       "      <td>0.159846</td>\n",
       "      <td>0.094729</td>\n",
       "      <td>0.184884</td>\n",
       "      <td>-0.055086</td>\n",
       "      <td>0.177283</td>\n",
       "      <td>1.000000</td>\n",
       "      <td>-0.100218</td>\n",
       "      <td>-0.095453</td>\n",
       "      <td>-0.149562</td>\n",
       "      <td>-0.027408</td>\n",
       "      <td>0.007580</td>\n",
       "      <td>0.009652</td>\n",
       "    </tr>\n",
       "    <tr>\n",
       "      <th>ltr</th>\n",
       "      <td>-0.034677</td>\n",
       "      <td>-0.010813</td>\n",
       "      <td>-0.018821</td>\n",
       "      <td>0.009947</td>\n",
       "      <td>0.053990</td>\n",
       "      <td>0.105842</td>\n",
       "      <td>0.116887</td>\n",
       "      <td>0.056213</td>\n",
       "      <td>-0.045876</td>\n",
       "      <td>0.091004</td>\n",
       "      <td>-0.100218</td>\n",
       "      <td>1.000000</td>\n",
       "      <td>0.827731</td>\n",
       "      <td>0.092633</td>\n",
       "      <td>-0.116728</td>\n",
       "      <td>0.076129</td>\n",
       "      <td>0.075720</td>\n",
       "    </tr>\n",
       "    <tr>\n",
       "      <th>corpr</th>\n",
       "      <td>-0.019966</td>\n",
       "      <td>0.001501</td>\n",
       "      <td>-0.017731</td>\n",
       "      <td>-0.000043</td>\n",
       "      <td>0.032672</td>\n",
       "      <td>0.101953</td>\n",
       "      <td>0.118228</td>\n",
       "      <td>0.054396</td>\n",
       "      <td>-0.042822</td>\n",
       "      <td>0.066322</td>\n",
       "      <td>-0.095453</td>\n",
       "      <td>0.827731</td>\n",
       "      <td>1.000000</td>\n",
       "      <td>0.019369</td>\n",
       "      <td>-0.130588</td>\n",
       "      <td>0.196594</td>\n",
       "      <td>0.196523</td>\n",
       "    </tr>\n",
       "    <tr>\n",
       "      <th>svar</th>\n",
       "      <td>0.024068</td>\n",
       "      <td>0.041149</td>\n",
       "      <td>0.006350</td>\n",
       "      <td>0.169768</td>\n",
       "      <td>-0.151561</td>\n",
       "      <td>-0.047285</td>\n",
       "      <td>0.074055</td>\n",
       "      <td>-0.099717</td>\n",
       "      <td>-0.039215</td>\n",
       "      <td>-0.122932</td>\n",
       "      <td>-0.149562</td>\n",
       "      <td>0.092633</td>\n",
       "      <td>0.019369</td>\n",
       "      <td>1.000000</td>\n",
       "      <td>0.028631</td>\n",
       "      <td>-0.207869</td>\n",
       "      <td>-0.209748</td>\n",
       "    </tr>\n",
       "    <tr>\n",
       "      <th>csp</th>\n",
       "      <td>-0.394410</td>\n",
       "      <td>-0.591115</td>\n",
       "      <td>-0.520702</td>\n",
       "      <td>0.273217</td>\n",
       "      <td>-0.583011</td>\n",
       "      <td>-0.650444</td>\n",
       "      <td>-0.601867</td>\n",
       "      <td>-0.657265</td>\n",
       "      <td>0.248873</td>\n",
       "      <td>-0.587353</td>\n",
       "      <td>-0.027408</td>\n",
       "      <td>-0.116728</td>\n",
       "      <td>-0.130588</td>\n",
       "      <td>0.028631</td>\n",
       "      <td>1.000000</td>\n",
       "      <td>0.062316</td>\n",
       "      <td>0.047904</td>\n",
       "    </tr>\n",
       "    <tr>\n",
       "      <th>CRSP_SPvw</th>\n",
       "      <td>0.003758</td>\n",
       "      <td>-0.005382</td>\n",
       "      <td>-0.007065</td>\n",
       "      <td>-0.045084</td>\n",
       "      <td>-0.019120</td>\n",
       "      <td>-0.009374</td>\n",
       "      <td>-0.011657</td>\n",
       "      <td>-0.010755</td>\n",
       "      <td>-0.068233</td>\n",
       "      <td>-0.016362</td>\n",
       "      <td>0.007580</td>\n",
       "      <td>0.076129</td>\n",
       "      <td>0.196594</td>\n",
       "      <td>-0.207869</td>\n",
       "      <td>0.062316</td>\n",
       "      <td>1.000000</td>\n",
       "      <td>0.998842</td>\n",
       "    </tr>\n",
       "    <tr>\n",
       "      <th>CRSP_SPvwx</th>\n",
       "      <td>0.019214</td>\n",
       "      <td>0.009796</td>\n",
       "      <td>0.007905</td>\n",
       "      <td>-0.064466</td>\n",
       "      <td>-0.019864</td>\n",
       "      <td>-0.007710</td>\n",
       "      <td>-0.011785</td>\n",
       "      <td>-0.010226</td>\n",
       "      <td>-0.073075</td>\n",
       "      <td>-0.016427</td>\n",
       "      <td>0.009652</td>\n",
       "      <td>0.075720</td>\n",
       "      <td>0.196523</td>\n",
       "      <td>-0.209748</td>\n",
       "      <td>0.047904</td>\n",
       "      <td>0.998842</td>\n",
       "      <td>1.000000</td>\n",
       "    </tr>\n",
       "  </tbody>\n",
       "</table>\n",
       "</div>"
      ],
      "text/plain": [
       "               Index       D12       E12       b/m       tbl       AAA  \\\n",
       "Index       1.000000  0.976952  0.971674 -0.586955 -0.233160 -0.151000   \n",
       "D12         0.976952  1.000000  0.967866 -0.566695 -0.195115 -0.089142   \n",
       "E12         0.971674  0.967866  1.000000 -0.552464 -0.181918 -0.100869   \n",
       "b/m        -0.586955 -0.566695 -0.552464  1.000000  0.199958  0.160981   \n",
       "tbl        -0.233160 -0.195115 -0.181918  0.199958  1.000000  0.888219   \n",
       "AAA        -0.151000 -0.089142 -0.100869  0.160981  0.888219  1.000000   \n",
       "BAA        -0.187700 -0.124923 -0.143726  0.260409  0.828238  0.970474   \n",
       "lty        -0.217137 -0.156467 -0.160729  0.197314  0.901584  0.988194   \n",
       "ntis       -0.388406 -0.449804 -0.407763  0.034194  0.032109 -0.082484   \n",
       "Rfree      -0.256399 -0.226416 -0.214650  0.192322  0.987950  0.880914   \n",
       "infl       -0.010084 -0.016082  0.000675  0.073090  0.201720  0.159846   \n",
       "ltr        -0.034677 -0.010813 -0.018821  0.009947  0.053990  0.105842   \n",
       "corpr      -0.019966  0.001501 -0.017731 -0.000043  0.032672  0.101953   \n",
       "svar        0.024068  0.041149  0.006350  0.169768 -0.151561 -0.047285   \n",
       "csp        -0.394410 -0.591115 -0.520702  0.273217 -0.583011 -0.650444   \n",
       "CRSP_SPvw   0.003758 -0.005382 -0.007065 -0.045084 -0.019120 -0.009374   \n",
       "CRSP_SPvwx  0.019214  0.009796  0.007905 -0.064466 -0.019864 -0.007710   \n",
       "\n",
       "                 BAA       lty      ntis     Rfree      infl       ltr  \\\n",
       "Index      -0.187700 -0.217137 -0.388406 -0.256399 -0.010084 -0.034677   \n",
       "D12        -0.124923 -0.156467 -0.449804 -0.226416 -0.016082 -0.010813   \n",
       "E12        -0.143726 -0.160729 -0.407763 -0.214650  0.000675 -0.018821   \n",
       "b/m         0.260409  0.197314  0.034194  0.192322  0.073090  0.009947   \n",
       "tbl         0.828238  0.901584  0.032109  0.987950  0.201720  0.053990   \n",
       "AAA         0.970474  0.988194 -0.082484  0.880914  0.159846  0.105842   \n",
       "BAA         1.000000  0.944715 -0.119387  0.824402  0.094729  0.116887   \n",
       "lty         0.944715  1.000000 -0.061977  0.890538  0.184884  0.056213   \n",
       "ntis       -0.119387 -0.061977  1.000000  0.032430 -0.055086 -0.045876   \n",
       "Rfree       0.824402  0.890538  0.032430  1.000000  0.177283  0.091004   \n",
       "infl        0.094729  0.184884 -0.055086  0.177283  1.000000 -0.100218   \n",
       "ltr         0.116887  0.056213 -0.045876  0.091004 -0.100218  1.000000   \n",
       "corpr       0.118228  0.054396 -0.042822  0.066322 -0.095453  0.827731   \n",
       "svar        0.074055 -0.099717 -0.039215 -0.122932 -0.149562  0.092633   \n",
       "csp        -0.601867 -0.657265  0.248873 -0.587353 -0.027408 -0.116728   \n",
       "CRSP_SPvw  -0.011657 -0.010755 -0.068233 -0.016362  0.007580  0.076129   \n",
       "CRSP_SPvwx -0.011785 -0.010226 -0.073075 -0.016427  0.009652  0.075720   \n",
       "\n",
       "               corpr      svar       csp  CRSP_SPvw  CRSP_SPvwx  \n",
       "Index      -0.019966  0.024068 -0.394410   0.003758    0.019214  \n",
       "D12         0.001501  0.041149 -0.591115  -0.005382    0.009796  \n",
       "E12        -0.017731  0.006350 -0.520702  -0.007065    0.007905  \n",
       "b/m        -0.000043  0.169768  0.273217  -0.045084   -0.064466  \n",
       "tbl         0.032672 -0.151561 -0.583011  -0.019120   -0.019864  \n",
       "AAA         0.101953 -0.047285 -0.650444  -0.009374   -0.007710  \n",
       "BAA         0.118228  0.074055 -0.601867  -0.011657   -0.011785  \n",
       "lty         0.054396 -0.099717 -0.657265  -0.010755   -0.010226  \n",
       "ntis       -0.042822 -0.039215  0.248873  -0.068233   -0.073075  \n",
       "Rfree       0.066322 -0.122932 -0.587353  -0.016362   -0.016427  \n",
       "infl       -0.095453 -0.149562 -0.027408   0.007580    0.009652  \n",
       "ltr         0.827731  0.092633 -0.116728   0.076129    0.075720  \n",
       "corpr       1.000000  0.019369 -0.130588   0.196594    0.196523  \n",
       "svar        0.019369  1.000000  0.028631  -0.207869   -0.209748  \n",
       "csp        -0.130588  0.028631  1.000000   0.062316    0.047904  \n",
       "CRSP_SPvw   0.196594 -0.207869  0.062316   1.000000    0.998842  \n",
       "CRSP_SPvwx  0.196523 -0.209748  0.047904   0.998842    1.000000  "
      ]
     },
     "execution_count": 11,
     "metadata": {},
     "output_type": "execute_result"
    }
   ],
   "source": [
    "goyal_welch_data.corr()"
   ]
  },
  {
   "cell_type": "markdown",
   "id": "6a7ecd3e",
   "metadata": {},
   "source": [
    "Excess returns are defined as $R_{t+1}-r_{f,t}$ (in excess of the risk-free rate)"
   ]
  },
  {
   "cell_type": "code",
   "execution_count": 12,
   "id": "56223d83",
   "metadata": {},
   "outputs": [],
   "source": [
    "goyal_welch_data[\"returns\"] = ((goyal_welch_data[\"Index\"])/ goyal_welch_data[\"Index\"].shift(1) - 1).fillna(0)\n",
    "goyal_welch_data['excess_returns'] = goyal_welch_data[\"returns\"] - goyal_welch_data[\"Rfree\"]"
   ]
  },
  {
   "cell_type": "code",
   "execution_count": 13,
   "id": "e0916d1e",
   "metadata": {
    "colab": {
     "base_uri": "https://localhost:8080/"
    },
    "executionInfo": {
     "elapsed": 365,
     "status": "ok",
     "timestamp": 1707983270297,
     "user": {
      "displayName": "Semyon Malamud",
      "userId": "02103358648184920105"
     },
     "user_tz": -60
    },
    "id": "e0916d1e",
    "outputId": "ba0dd4d5-28f9-40d9-d179-032540c00122"
   },
   "outputs": [
    {
     "data": {
      "text/plain": [
       "Index(['Index', 'D12', 'E12', 'b/m', 'tbl', 'AAA', 'BAA', 'lty', 'ntis',\n",
       "       'Rfree', 'infl', 'ltr', 'corpr', 'svar', 'csp', 'CRSP_SPvw',\n",
       "       'CRSP_SPvwx', 'returns', 'excess_returns'],\n",
       "      dtype='object')"
      ]
     },
     "execution_count": 13,
     "metadata": {},
     "output_type": "execute_result"
    }
   ],
   "source": [
    "goyal_welch_data.columns"
   ]
  },
  {
   "cell_type": "code",
   "execution_count": 14,
   "id": "1e2b1084",
   "metadata": {
    "colab": {
     "base_uri": "https://localhost:8080/",
     "height": 708
    },
    "executionInfo": {
     "elapsed": 360,
     "status": "ok",
     "timestamp": 1707944008982,
     "user": {
      "displayName": "Semyon Malamud",
      "userId": "02103358648184920105"
     },
     "user_tz": -60
    },
    "id": "1e2b1084",
    "outputId": "d2f5d3d1-0e45-47cf-e4be-3846dbea3b15"
   },
   "outputs": [
    {
     "data": {
      "text/html": [
       "<div>\n",
       "<style scoped>\n",
       "    .dataframe tbody tr th:only-of-type {\n",
       "        vertical-align: middle;\n",
       "    }\n",
       "\n",
       "    .dataframe tbody tr th {\n",
       "        vertical-align: top;\n",
       "    }\n",
       "\n",
       "    .dataframe thead th {\n",
       "        text-align: right;\n",
       "    }\n",
       "</style>\n",
       "<table border=\"1\" class=\"dataframe\">\n",
       "  <thead>\n",
       "    <tr style=\"text-align: right;\">\n",
       "      <th></th>\n",
       "      <th>Index</th>\n",
       "      <th>D12</th>\n",
